999
1985
1870
1402
1550
1970
1315
1640
1337
1180
1586
1841
1268
1336
1295
1162
1722
1273
1491
1171
1541
1075
1420
1713
1322
1150
1917
1560
1555
1216
1764
1993
1950
1469
1848
1487
1192
1712
1706
1631
1762
1796
1939
1809
1868
1018
1107
1406
1205
1867
1749
1181
1626
1540
1323
1290
1432
1451
1434
1010
1924
1558
1956
1296
1946
1210
1135
1468
1413
1388
1466
1089
1833
1206
1546
1738
1349
1415
1338
1073
1839
1412
1442
1754
1971
1644
1267
1862
1657
1707
1864
1241
1522
1038
1404
1875
1741
1077
1319
1601
1256
1721
1284
1986
1900
1661
1316
1697
1571
1559
1175
1278
1111
1534
1632
1020
1160
1054
1620
1148
1746
1119
1840
1493
1609
1909
1655
1213
1330
1029
1080
1098
1373
1341
1270
1114
1763
1682
1775
1045
1356
1973
1391
1505
1627
1071
1543
1074
1269
1486
1115
1851
1969
1683
1635
1283
1991
1201
1800
1671
1225
1807
1777
1497
1027
1019
1259
1998
1158
1887
1961
1952
1801
1367
1624
1758
1892
1996
1679
1730
1307
1104
1949
1277
1557
1748
1287
1086
1124
1889
1376
1257
1569
1645
1182
1995
1740
1057
1761
1944
1051
1312
1987
1510
1393
1983
1304
1744
1605
1390
1549
1196
1134
1436
1122
1904
1335
1260
1813
1653
1700
1767
1513
1885
1087
1023
1519
1136
1203
1675
1209
1105
1310
1588
1873
1061
1865
1238
1002
1535
1253
1117
1062
1832
1941
1042
1521
1024
1294
1056
1858
1320
1207
1621
1441
1899
1563
1299
1484
1834
1948
1516
1708
1674
1774
1760
1583
1472
1739
1252
1236
1034
1955
1524
1313
1382
1943
1574
1908
1811
1717
1344
1656
1292
1670
1037
1357
1737
1103
1229
1822
1127
1527
1026
1768
1490
1052
1532
1129
1573
1772
1928
1012
1853
1553
1538
1845
1094
1430
1515
1603
1729
1669
1906
1594
1911
1427
1371
1167
1912
1011
1198
1321
1539
1195
1133
1637
1047
1039
1628
1997
1329
1184
1112
1228
1652
1308
1381
1804
1189
1847
1667
1861
1927
1607
1340
1874
1419
1234
1929
1305
1102
1844
1616
1720
1842
1452
1648
1815
1591
1658
1968
1982
1060
1694
1932
1884
1480
1096
1514
1826
1654
1617
1789
1453
1132
1649
1509
1692
1696
1525
1726
1446
1786
1854
1984
1354
1301
1170
1500
1130
1311
1031
1016
1263
1418
1004
1000
1567
1164
1397
1821
1600
1369
1808
1765
1424
1351
1977
1488
1819
1779
1421
1272
1422
1191
1049
1050
1693
1265
1724
1403
1599
1728
1147
1331
1829
1681
1475
1593
1562
1025
1668
1245
1556
1221
1208
1302
1922
1689
1579
1317
1529
1975
1174
1850
1378
1979
1688
1710
1876
1380
1680
1123
1460
1456
1643
1901
1177
1849
1423
1121
1625
1275
1028
1370
1897
1387
1067
1846
1770
1750
1577
1511
1896
1634
1428
1547
1306
1965
1200
1723
1817
1178
1333
1247
1672
1564
1185
1457
1141
1589
1092
1477
1473
1752
1343
1791
1526
1745
1966
1520
1362
1923
1502
1152
1243
1374
1799
1046
1377
1194
1705
1350
1431
1642
1618
1120
1070
1773
1498
1090
1530
1035
1981
1063
1596
1151
1407
1919
1458
1647
1405
1352
1110
1211
1925
1918
1478
1719
1285
1314
1481
1401
1128
1099
1608
1766
1440
1437
1161
1587
1188
1072
1069
1883
1695
1364
1931
1254
1142
1780
1021
1137
1714
1499
1641
1288
1237
1463
1461
1734
1638
1915
1798
1881
1806
1920
1396
1408
1503
1837
1769
1246
1183
1282
1261
1093
1816
1476
1827
1568
1622
1106
1592
1877
1598
1131
1743
1709
1043
1590
1215
1492
1803
1266
1686
1859
1890
1959
1958
1570
1880
1778
1165
1389
1893
1398
1660
1902
1575
1699
1894
1363
1619
1450
1795
1947
1544
1091
1055
1212
1508
1353
1792
1088
1040
1064
1646
1187
1673
1435
1197
1895
1255
1831
1361
1375
1126
1572
1930
1078
1445
1664
1400
1788
1411
1936
1365
1346
1233
1410
1470
1507
1794
1368
1528
1032
1561
1426
1334
1926
1017
1298
1079
1506
1960
1863
1143
1240
1735
1921
1495
1518
1866
1496
1988
1615
1756
1007
1935
1013
1214
1116
1953
1565
1838
1898
1578
1462
1731
1732
1416
1465
1636
1217
1262
1945
1065
1066
1802
1725
1856
1938
1990
1076
1279
1447
1753
1888
1248
1250
1286
1747
1604
1548
1101
1602
1613
1230
1783
1166
1872
1008
1339
1814
1439
1366
1359
1159
1580
1325
1531
1787
1318
1386
1300
1084
1227
1483
1467
1810
1793
1156
1755
1566
1581
1623
1879
1264
1830
1542
1471
1818
1489
1244
1852
1828
1385
1523
1218
1145
1276
1202
1871
1757
1030
1274
1280
1551
1595
1454
1109
1597
1891
1781
1690
1684
1033
1666
1584
1003
1860
1782
1036
1409
1281
1081
1138
1235
1149
1053
1399
1910
1429
1905
1444
1962
1022
1504
1606
1536
1512
1394
1251
1820
1342
1612
1992
1718
1154
1759
1125
1805
1835
1980
1663
1345
1271
1942
1309
1537
1048
1058
1459
1629
1176
1100
1163
1716
1933
1220
1823
1703
1001
1882
1678
1082
1855
1443
1425
1963
1479
1179
1360
1328
1903
1392
1438
1913
1226
1951
1249
1736
1242
1383
1474
1433
1934
1108
1989
1610
1907
1785
1041
1044
1059
1633
1715
1358
1665
1097
1994
1517
1957
1355
1384
1140
1797
1869
1006
1576
1711
1155
1677
1659
1940
1222
1733
1824
1611
1186
1836
1630
1332
1701
1691
1825
1964
1685
1976
1702
1582
1857
1937
1812
1448
1199
1742
1172
1223
1068
1139
1219
1676
1231
1886
1954
1776
1297
1168
1232
1485
1204
1999
1146
1614
1173
1727
1379
1009
1348
1083
1662
1771
1784
1239
1095
1501
1113
1085
1554
1395
1326
1967
1014
1482
1651
1455
1153
1790
1224
1015
1972
1494
1545
1414
1978
1324
1190
1687
1464
1303
1417
1144
1327
1974
1650
1914
1843
1005
1347
1118
1916
1291
1878
1751
1289
1258
1372
1449
1704
1639
1157
1585
1193
1552
1533
1293
1698